%YAML:1.0
---
K1: !!opencv-matrix
   rows: 3
   cols: 3
   dt: d
   data: [ 1.8024946217588179e+03, 0., 1.0259639880034040e+03, 0.,
       1.8018736181332199e+03, 7.4346196545909379e+02, 0., 0., 1. ]
K2: !!opencv-matrix
   rows: 3
   cols: 3
   dt: d
   data: [ 1.8092161151130467e+03, 0., 1.0130329658337920e+03, 0.,
       1.8090918511823104e+03, 7.6905674524017945e+02, 0., 0., 1. ]
D1: !!opencv-matrix
   rows: 1
   cols: 5
   dt: d
   data: [ -1.6699081864797183e-01, 1.5969422290901836e-01,
       -2.0420108981469257e-03, 2.2009676070246778e-05,
       -2.9950867369370613e-02 ]
D2: !!opencv-matrix
   rows: 1
   cols: 5
   dt: d
   data: [ -1.7148673926796368e-01, 1.9181653740464380e-01,
       -3.8468121730328376e-04, -4.0320761245645609e-04,
       -1.0267126632168599e-01 ]
R: !!opencv-matrix
   rows: 3
   cols: 3
   dt: d
   data: [ 9.9954487241572620e-01, -1.5773065566259024e-03,
       3.0125738687308667e-02, 1.7276415848226612e-03,
       9.9998618254020344e-01, -4.9648749455796486e-03,
       -3.0117491296321026e-02, 5.0146617729691419e-03,
       9.9953378626503608e-01 ]
T: [ -5.9898798824807575e-01, 3.5392204260103777e-04,
    1.4044860566535478e-02 ]
E: !!opencv-matrix
   rows: 3
   cols: 3
   dt: d
   data: [ -3.4923729205395568e-05, -1.4042891702901608e-02,
       4.2348801562462228e-04, -4.0015471595878952e-03,
       2.9815691164768220e-03, 5.9913184362020322e-01,
       -1.3885975202234107e-03, -5.9897915351207109e-01,
       2.9632382925849510e-03 ]
F: !!opencv-matrix
   rows: 3
   cols: 3
   dt: d
   data: [ 1.3840930164038213e-09, 5.5673799721638694e-07,
       -4.4558595061081004e-04, 1.5859972680427614e-07,
       -1.1821403122481538e-07, -4.2877501433075525e-02,
       -2.3808221105100279e-05, 4.2490104533929596e-02, 1. ]
R1: !!opencv-matrix
   rows: 3
   cols: 3
   dt: d
   data: [ 9.9997500999080158e-01, -2.2851186202807326e-03,
       6.6901141087115576e-03, 2.3017084735085752e-03,
       9.9999429292112418e-01, -2.4731080210718187e-03,
       -6.6844245825137330e-03, 2.4884449104123790e-03,
       9.9997456273143703e-01 ]
R2: !!opencv-matrix
   rows: 3
   cols: 3
   dt: d
   data: [ 9.9972504274218033e-01, -5.9070421462452979e-04,
       -2.3441202671292228e-02, 6.4885914169060413e-04,
       9.9999673073951145e-01, 2.4733564448352276e-03,
       2.3439665013818299e-02, -2.4878864161750401e-03,
       9.9972215766442840e-01 ]
P1: !!opencv-matrix
   rows: 3
   cols: 4
   dt: d
   data: [ 1.8054827346577651e+03, 0., 1.0391429290771484e+03, 0., 0.,
       1.8054827346577651e+03, 7.5333837890625000e+02, 0., 0., 0., 1.,
       0. ]
P2: !!opencv-matrix
   rows: 3
   cols: 4
   dt: d
   data: [ 1.8054827346577651e+03, 0., 1.0391429290771484e+03,
       -1.0817599087874282e+03, 0., 1.8054827346577651e+03,
       7.5333837890625000e+02, 0., 0., 0., 1., 0. ]
Q: !!opencv-matrix
   rows: 4
   cols: 4
   dt: d
   data: [ 1., 0., 0., -1.0391429290771484e+03, 0., 1., 0.,
       -7.5333837890625000e+02, 0., 0., 0., 1.8054827346577651e+03, 0.,
       0., 1.6690235236038427e+00, 0. ]
